2
4 3
2 3
3 2
1 4

5 2
1 1
2 2


20 10
9 6
7 4
3 2
1 1
2 2
1 5
1 4
2 3
3 2
1 4


100 50 
9 6
7 4
3 2
1 1
2 2
1 5
1 4
2 3
3 2
1 4
9 6
7 4
3 2
1 1
2 2
1 5
1 4
2 3
3 2
1 4
9 6
7 4
3 2
1 1
2 2
1 5
1 4
2 3
3 2
1 4
9 6
7 4
3 2
1 1
2 2
1 5
1 4
2 3
3 2
1 4
9 6
7 4
3 2
1 1
2 2
1 5
1 4
2 3
3 2
1 4

500 50
9 6
7 4
3 2
1 1
2 2
1 5
1 4
2 3
3 2
1 4
9 6
7 4
3 2
1 1
2 2
1 5
1 4
2 3
3 2
1 4
9 6
7 4
3 2
1 1
2 2
1 5
1 4
2 3
3 2
1 4
9 6
7 4
3 2
1 1
2 2
1 5
1 4
2 3
3 2
1 4
9 6
7 4
3 2
1 1
2 2
1 5
1 4
2 3
3 2
1 4

500 100
9 6
7 4
3 2
1 1
2 2
1 5
1 4
2 3
3 2
1 4
9 6
7 4
3 2
1 1
2 2
1 5
1 4
2 3
3 2
1 4
9 6
7 4
3 2
1 1
2 2
1 5
1 4
2 3
3 2
1 4
9 6
7 4
3 2
1 1
2 2
1 5
1 4
2 3
3 2
1 4
9 6
7 4
3 2
1 1
2 2
1 5
1 4
2 3
3 2
1 4
9 6
7 4
3 2
1 1
2 2
1 5
1 4
2 3
3 2
1 4
9 6
7 4
3 2
1 1
2 2
1 5
1 4
2 3
3 2
1 4
9 6
7 4
3 2
1 1
2 2
1 5
1 4
2 3
3 2
1 4
9 6
7 4
3 2
1 1
2 2
1 5
1 4
2 3
3 2
1 4
9 6
7 4
3 2
1 1
2 2
1 5
1 4
2 3
3 2
1 4

500 150
9 6
7 4
3 2
1 1
2 2
1 5
1 4
2 3
3 2
1 4
9 6
7 4
3 2
1 1
2 2
1 5
1 4
2 3
3 2
1 4
9 6
7 4
3 2
1 1
2 2
1 5
1 4
2 3
3 2
1 4
9 6
7 4
3 2
1 1
2 2
1 5
1 4
2 3
3 2
1 4
9 6
7 4
3 2
1 1
2 2
1 5
1 4
2 3
3 2
1 4
9 6
7 4
3 2
1 1
2 2
1 5
1 4
2 3
3 2
1 4
9 6
7 4
3 2
1 1
2 2
1 5
1 4
2 3
3 2
1 4
9 6
7 4
3 2
1 1
2 2
1 5
1 4
2 3
3 2
1 4
9 6
7 4
3 2
1 1
2 2
1 5
1 4
2 3
3 2
1 4
9 6
7 4
3 2
1 1
2 2
1 5
1 4
2 3
3 2
1 4
9 6
7 4
3 2
1 1
2 2
1 5
1 4
2 3
3 2
1 4
9 6
7 4
3 2
1 1
2 2
1 5
1 4
2 3
3 2
1 4
9 6
7 4
3 2
1 1
2 2
1 5
1 4
2 3
3 2
1 4
9 6
7 4
3 2
1 1
2 2
1 5
1 4
2 3
3 2
1 4
9 6
7 4
3 2
1 1
2 2
1 5
1 4
2 3
3 2
1 4

500 200
9 6
7 4
3 2
1 1
2 2
1 5
1 4
2 3
3 2
1 4
9 6
7 4
3 2
1 1
2 2
1 5
1 4
2 3
3 2
1 4
9 6
7 4
3 2
1 1
2 2
1 5
1 4
2 3
3 2
1 4
9 6
7 4
3 2
1 1
2 2
1 5
1 4
2 3
3 2
1 4
9 6
7 4
3 2
1 1
2 2
1 5
1 4
2 3
3 2
1 4
9 6
7 4
3 2
1 1
2 2
1 5
1 4
2 3
3 2
1 4
9 6
7 4
3 2
1 1
2 2
1 5
1 4
2 3
3 2
1 4
9 6
7 4
3 2
1 1
2 2
1 5
1 4
2 3
3 2
1 4
9 6
7 4
3 2
1 1
2 2
1 5
1 4
2 3
3 2
1 4
9 6
7 4
3 2
1 1
2 2
1 5
1 4
2 3
3 2
1 4
9 6
7 4
3 2
1 1
2 2
1 5
1 4
2 3
3 2
1 4
9 6
7 4
3 2
1 1
2 2
1 5
1 4
2 3
3 2
1 4
9 6
7 4
3 2
1 1
2 2
1 5
1 4
2 3
3 2
1 4
9 6
7 4
3 2
1 1
2 2
1 5
1 4
2 3
3 2
1 4
9 6
7 4
3 2
1 1
2 2
1 5
1 4
2 3
3 2
1 4
9 6
7 4
3 2
1 1
2 2
1 5
1 4
2 3
3 2
1 4
9 6
7 4
3 2
1 1
2 2
1 5
1 4
2 3
3 2
1 4
9 6
7 4
3 2
1 1
2 2
1 5
1 4
2 3
3 2
1 4
9 6
7 4
3 2
1 1
2 2
1 5
1 4
2 3
3 2
1 4
9 6
7 4
3 2
1 1
2 2
1 5
1 4
2 3
3 2
1 4

500 250
9 6
7 4
3 2
1 1
2 2
1 5
1 4
2 3
3 2
1 4
9 6
7 4
3 2
1 1
2 2
1 5
1 4
2 3
3 2
1 4
9 6
7 4
3 2
1 1
2 2
1 5
1 4
2 3
3 2
1 4
9 6
7 4
3 2
1 1
2 2
1 5
1 4
2 3
3 2
1 4
9 6
7 4
3 2
1 1
2 2
1 5
1 4
2 3
3 2
1 4
9 6
7 4
3 2
1 1
2 2
1 5
1 4
2 3
3 2
1 4
9 6
7 4
3 2
1 1
2 2
1 5
1 4
2 3
3 2
1 4
9 6
7 4
3 2
1 1
2 2
1 5
1 4
2 3
3 2
1 4
9 6
7 4
3 2
1 1
2 2
1 5
1 4
2 3
3 2
1 4
9 6
7 4
3 2
1 1
2 2
1 5
1 4
2 3
3 2
1 4
9 6
7 4
3 2
1 1
2 2
1 5
1 4
2 3
3 2
1 4
9 6
7 4
3 2
1 1
2 2
1 5
1 4
2 3
3 2
1 4
9 6
7 4
3 2
1 1
2 2
1 5
1 4
2 3
3 2
1 4
9 6
7 4
3 2
1 1
2 2
1 5
1 4
2 3
3 2
1 4
9 6
7 4
3 2
1 1
2 2
1 5
1 4
2 3
3 2
1 4
9 6
7 4
3 2
1 1
2 2
1 5
1 4
2 3
3 2
1 4
9 6
7 4
3 2
1 1
2 2
1 5
1 4
2 3
3 2
1 4
9 6
7 4
3 2
1 1
2 2
1 5
1 4
2 3
3 2
1 4
9 6
7 4
3 2
1 1
2 2
1 5
1 4
2 3
3 2
1 4
9 6
7 4
3 2
1 1
2 2
1 5
1 4
2 3
3 2
1 4
9 6
7 4
3 2
1 1
2 2
1 5
1 4
2 3
3 2
1 4
9 6
7 4
3 2
1 1
2 2
1 5
1 4
2 3
3 2
1 4
9 6
7 4
3 2
1 1
2 2
1 5
1 4
2 3
3 2
1 4
9 6
7 4
3 2
1 1
2 2
1 5
1 4
2 3
3 2
1 4
9 6
7 4
3 2
1 1
2 2
1 5
1 4
2 3
3 2
1 4




